{
 "cells": [
  {
   "cell_type": "code",
   "execution_count": 1,
   "metadata": {},
   "outputs": [
    {
     "name": "stdout",
     "output_type": "stream",
     "text": [
      "/home/andrewkc/Projects/research-project/cleanenv/bin/python\n",
      "/home/andrewkc/Projects/research-project/cleanenv/bin/python\n"
     ]
    }
   ],
   "source": [
    "!where python"
   ]
  },
  {
   "cell_type": "code",
   "execution_count": 2,
   "metadata": {},
   "outputs": [
    {
     "name": "stdout",
     "output_type": "stream",
     "text": [
      "Package                  Version\n",
      "------------------------ -----------\n",
      "asttokens                3.0.0\n",
      "comm                     0.2.2\n",
      "contourpy                1.3.2\n",
      "cycler                   0.12.1\n",
      "debugpy                  1.8.14\n",
      "decorator                5.2.1\n",
      "exceptiongroup           1.3.0\n",
      "executing                2.2.0\n",
      "filelock                 3.18.0\n",
      "fonttools                4.58.4\n",
      "fsspec                   2025.5.1\n",
      "ipykernel                6.29.5\n",
      "ipython                  8.37.0\n",
      "jedi                     0.19.2\n",
      "Jinja2                   3.1.6\n",
      "joblib                   1.5.1\n",
      "jupyter_client           8.6.3\n",
      "jupyter_core             5.8.1\n",
      "kiwisolver               1.4.8\n",
      "MarkupSafe               3.0.2\n",
      "matplotlib               3.10.3\n",
      "matplotlib-inline        0.1.7\n",
      "mpmath                   1.3.0\n",
      "nest-asyncio             1.6.0\n",
      "networkx                 3.4.2\n",
      "numpy                    1.24.4\n",
      "nvidia-cublas-cu12       12.6.4.1\n",
      "nvidia-cuda-cupti-cu12   12.6.80\n",
      "nvidia-cuda-nvrtc-cu12   12.6.77\n",
      "nvidia-cuda-runtime-cu12 12.6.77\n",
      "nvidia-cudnn-cu12        9.5.1.17\n",
      "nvidia-cufft-cu12        11.3.0.4\n",
      "nvidia-cufile-cu12       1.11.1.6\n",
      "nvidia-curand-cu12       10.3.7.77\n",
      "nvidia-cusolver-cu12     11.7.1.2\n",
      "nvidia-cusparse-cu12     12.5.4.2\n",
      "nvidia-cusparselt-cu12   0.6.3\n",
      "nvidia-nccl-cu12         2.26.2\n",
      "nvidia-nvjitlink-cu12    12.6.85\n",
      "nvidia-nvtx-cu12         12.6.77\n",
      "packaging                25.0\n",
      "pandas                   2.3.0\n",
      "parso                    0.8.4\n",
      "pexpect                  4.9.0\n",
      "pillow                   11.3.0\n",
      "pip                      25.1.1\n",
      "platformdirs             4.3.8\n",
      "prompt_toolkit           3.0.51\n",
      "psutil                   7.0.0\n",
      "ptyprocess               0.7.0\n",
      "pure_eval                0.2.3\n",
      "Pygments                 2.19.2\n",
      "pyparsing                3.2.3\n",
      "python-dateutil          2.9.0.post0\n",
      "pytz                     2025.2\n",
      "pyzmq                    27.0.0\n",
      "scikit-learn             1.7.0\n",
      "scipy                    1.10.1\n",
      "seaborn                  0.13.2\n",
      "setuptools               80.9.0\n",
      "six                      1.17.0\n",
      "stack-data               0.6.3\n",
      "sympy                    1.14.0\n",
      "threadpoolctl            3.6.0\n",
      "torch                    2.7.1\n",
      "tornado                  6.5.1\n",
      "tqdm                     4.67.1\n",
      "traitlets                5.14.3\n",
      "triton                   3.3.1\n",
      "typing_extensions        4.14.0\n",
      "tzdata                   2025.2\n",
      "wcwidth                  0.2.13\n"
     ]
    }
   ],
   "source": [
    "!pip list"
   ]
  },
  {
   "cell_type": "code",
   "execution_count": 3,
   "metadata": {},
   "outputs": [
    {
     "name": "stdout",
     "output_type": "stream",
     "text": [
      "Found existing installation: numpy 1.26.4\n",
      "Uninstalling numpy-1.26.4:\n",
      "  Successfully uninstalled numpy-1.26.4\n",
      "Found existing installation: scipy 1.11.4\n",
      "Uninstalling scipy-1.11.4:\n",
      "  Successfully uninstalled scipy-1.11.4\n"
     ]
    }
   ],
   "source": [
    "#!pip uninstall -y numpy scipy"
   ]
  },
  {
   "cell_type": "code",
   "execution_count": 4,
   "metadata": {},
   "outputs": [
    {
     "name": "stdout",
     "output_type": "stream",
     "text": [
      "Collecting numpy==1.24.4\n",
      "  Downloading numpy-1.24.4-cp310-cp310-manylinux_2_17_x86_64.manylinux2014_x86_64.whl.metadata (5.6 kB)\n",
      "Collecting scipy==1.10.1\n",
      "  Downloading scipy-1.10.1-cp310-cp310-manylinux_2_17_x86_64.manylinux2014_x86_64.whl.metadata (58 kB)\n",
      "Downloading numpy-1.24.4-cp310-cp310-manylinux_2_17_x86_64.manylinux2014_x86_64.whl (17.3 MB)\n",
      "\u001b[2K   \u001b[90m━━━━━━━━━━━━━━━━━━━━━━━━━━━━━━━━━━━━━━━━\u001b[0m \u001b[32m17.3/17.3 MB\u001b[0m \u001b[31m183.1 MB/s\u001b[0m eta \u001b[36m0:00:00\u001b[0m\n",
      "\u001b[?25hDownloading scipy-1.10.1-cp310-cp310-manylinux_2_17_x86_64.manylinux2014_x86_64.whl (34.4 MB)\n",
      "\u001b[2K   \u001b[90m━━━━━━━━━━━━━━━━━━━━━━━━━━━━━━━━━━━━━━━━\u001b[0m \u001b[32m34.4/34.4 MB\u001b[0m \u001b[31m208.6 MB/s\u001b[0m eta \u001b[36m0:00:00\u001b[0m\n",
      "\u001b[?25hInstalling collected packages: numpy, scipy\n",
      "\u001b[2K   \u001b[90m━━━━━━━━━━━━━━━━━━━━━━━━━━━━━━━━━━━━━━━━\u001b[0m \u001b[32m2/2\u001b[0m [scipy]32m1/2\u001b[0m [scipy]\n",
      "\u001b[1A\u001b[2KSuccessfully installed numpy-1.24.4 scipy-1.10.1\n"
     ]
    }
   ],
   "source": [
    "#!pip install numpy==1.24.4 scipy==1.10.1"
   ]
  },
  {
   "cell_type": "markdown",
   "metadata": {},
   "source": [
    "# 0. Load Data"
   ]
  },
  {
   "cell_type": "code",
   "execution_count": 14,
   "metadata": {},
   "outputs": [],
   "source": [
    "import numpy as np\n",
    "import pickle\n",
    "import glob\n",
    "import os\n",
    "\n",
    "folder = '/home/andrewkc/Projects/research-project/deap-dataset/data_preprocessed_python'\n",
    "\n",
    "files = sorted(glob.glob(os.path.join(folder, 's*.dat')))\n",
    "\n",
    "# Use lists first\n",
    "all_data = []\n",
    "all_labels = []\n",
    "\n",
    "# Load and extract 'data' and 'labels' from each file\n",
    "for file in files:\n",
    "    with open(file, 'rb') as f:\n",
    "        subject = pickle.load(f)\n",
    "        all_data.append(subject['data'])     # shape: (40, 40, 8064)\n",
    "        all_labels.append(subject['labels']) # shape: (40, 4)"
   ]
  },
  {
   "cell_type": "code",
   "execution_count": 15,
   "metadata": {},
   "outputs": [
    {
     "name": "stdout",
     "output_type": "stream",
     "text": [
      "(1280, 32, 8064)\n",
      "[[1.29 1.4 ]\n",
      " [0.9  1.69]\n",
      " [0.42 1.46]\n",
      " ...\n",
      " [3.05 7.01]\n",
      " [3.99 7.17]\n",
      " [7.15 4.03]]\n"
     ]
    }
   ],
   "source": [
    "# Convert to NumPy arrays                       32 x 40 = 1280\n",
    "all_data = np.concatenate(all_data, axis=0)     # shape: (1280, 40, 8064)\n",
    "all_labels = np.concatenate(all_labels, axis=0) # shape: (1280, 4)\n",
    "\n",
    "# 32 personas vieron 40 videos cada una, de cada video se extrajo señales en 8064 instantes por cada uno de los 40 canales \n",
    "# (señales fisiológicas). Nosotros vamos a usar solo los primeros 32 canales de las señales como lo hace el autor del paper \n",
    "# (señales capturadas por los electrodos, es decir, señales EEG)\n",
    "\n",
    "all_data = all_data[:, :32, :]\n",
    "all_labels = all_labels[:, :2]  # (1280, 2)\n",
    "print(all_data.shape)\n",
    "print(all_labels)"
   ]
  },
  {
   "cell_type": "code",
   "execution_count": 16,
   "metadata": {},
   "outputs": [
    {
     "name": "stdout",
     "output_type": "stream",
     "text": [
      "(1280, 2)\n"
     ]
    }
   ],
   "source": [
    "print(all_labels.shape)"
   ]
  },
  {
   "cell_type": "markdown",
   "metadata": {},
   "source": [
    "# 1. Features Extractors"
   ]
  },
  {
   "cell_type": "code",
   "execution_count": 17,
   "metadata": {},
   "outputs": [
    {
     "name": "stdout",
     "output_type": "stream",
     "text": [
      "63.0\n"
     ]
    }
   ],
   "source": [
    "# Hyperparameters\n",
    "WINDOW_SIZE  = 128\n",
    "NUM_SEGMENTS = 8064 / WINDOW_SIZE\n",
    "print(NUM_SEGMENTS)"
   ]
  },
  {
   "cell_type": "markdown",
   "metadata": {},
   "source": [
    "## 1.1. SpatialTemporalFExtractor"
   ]
  },
  {
   "cell_type": "code",
   "execution_count": 4,
   "metadata": {},
   "outputs": [],
   "source": [
    "import numpy as np\n",
    "from scipy.signal import butter, lfilter\n",
    "from math import log, pi, e\n",
    "\n",
    "class SpatialTemporalFExtractor:\n",
    "    def __init__(self, sampling_rate=128, window_size_sec=1):\n",
    "        self.fs = sampling_rate\n",
    "        self.window_size = window_size_sec * self.fs  # muestras\n",
    "        self.bands = {\n",
    "            'theta': (4, 8), # low high Hz\n",
    "            'alpha': (8, 12),\n",
    "            'beta': (12, 30),\n",
    "            'gamma': (30, 50)\n",
    "        }\n",
    "\n",
    "        # Mapa espacial Geneva (matriz 9x9 como en el paper)\n",
    "        # El índice de cada canal EEG en la matriz (basado en la convención Geneva del paper)\n",
    "        self.channel_map = {\n",
    "            0:  (0, 3),   # Fp1\n",
    "            1:  (1, 3),   # AF3\n",
    "            2:  (2, 2),   # F3\n",
    "            3:  (2, 0),   # F7\n",
    "            4:  (3, 1),   # FC5\n",
    "            5:  (3, 3),   # FC1\n",
    "            6:  (4, 2),   # C3\n",
    "            7:  (4, 0),   # T7\n",
    "            8:  (5, 1),   # CP5\n",
    "            9:  (5, 3),   # CP1\n",
    "            10: (6, 2),   # P3\n",
    "            11: (6, 0),   # P7\n",
    "            12: (7, 3),   # PO3\n",
    "            13: (8, 3),   # O1\n",
    "            14: (8, 4),   # Oz\n",
    "            15: (6, 4),   # Pz\n",
    "            16: (0, 5),   # Fp2\n",
    "            17: (1, 5),   # AF4\n",
    "            18: (2, 4),   # Fz\n",
    "            19: (2, 6),   # F4\n",
    "            20: (2, 8),   # F8\n",
    "            21: (3, 7),   # FC6\n",
    "            22: (3, 5),   # FC2\n",
    "            23: (4, 4),   # Cz\n",
    "            24: (4, 6),   # C4\n",
    "            25: (4, 8),   # T8\n",
    "            26: (5, 7),   # CP6\n",
    "            27: (5, 5),   # CP2\n",
    "            28: (6, 6),   # P4\n",
    "            29: (6, 8),   # P8\n",
    "            30: (7, 5),   # PO4\n",
    "            31: (8, 5),   # O2\n",
    "        }\n",
    "\n",
    "        self.left_hemisphere = [0, 1, 2, 3, 4, 5, 6, 7, 8, 9, 10, 11, 12, 13]\n",
    "        self.right_hemisphere = [16, 17, 19, 20, 21, 22, 24, 25, 26, 27, 28, 29, 30, 31]\n",
    "\n",
    "    def bandpass_filter(self, signal, low, high, order=4):\n",
    "        nyq = 0.5 * self.fs\n",
    "        b, a = butter(order, [low / nyq, high / nyq], btype='band')\n",
    "        return lfilter(b, a, signal)\n",
    "\n",
    "    def differential_entropy(self, signal):\n",
    "        var = np.var(signal)\n",
    "        return 0.5 * np.log(2 * pi * e * var + 1e-8)  # sumamos 1e-8 para evitar log(0)\n",
    "\n",
    "    def extract_features(self, signal_3d):\n",
    "        \"\"\"\n",
    "        signal_3d: shape (32, 8064)  → 32 canales, 8064 muestras (60 s)\n",
    "        return: list of DE-matrices por ventana [num_windows x num_bandas x 9 x 9]\n",
    "        \"\"\"\n",
    "        channels, total_samples = signal_3d.shape\n",
    "        num_windows = total_samples // self.window_size\n",
    "\n",
    "        features = []\n",
    "\n",
    "        for w in range(num_windows):\n",
    "            start = w * self.window_size\n",
    "            end = start + self.window_size\n",
    "            window_data = signal_3d[:, start:end]  # shape: (32, window_size)\n",
    "\n",
    "            band_matrices = []\n",
    "\n",
    "            for band_name, (low, high) in self.bands.items():\n",
    "                band_matrix = np.zeros((9, 9))  # matriz espacial\n",
    "\n",
    "                for ch in range(32):\n",
    "                    filtered = self.bandpass_filter(window_data[ch], low, high)\n",
    "                    de = self.differential_entropy(filtered)\n",
    "\n",
    "                    if ch in self.channel_map:\n",
    "                        x, y = self.channel_map[ch]\n",
    "                        band_matrix[x, y] = de\n",
    "\n",
    "                band_matrices.append(band_matrix)\n",
    "\n",
    "            features.append(np.stack(band_matrices))  # shape: (4, 9, 9)\n",
    "\n",
    "        return np.array(features)  # shape: (num_windows, 4, 9, 9)"
   ]
  },
  {
   "cell_type": "markdown",
   "metadata": {},
   "source": [
    "## 1.2. ConnectiveFExtractor"
   ]
  },
  {
   "cell_type": "code",
   "execution_count": 5,
   "metadata": {},
   "outputs": [],
   "source": [
    "import numpy as np\n",
    "from scipy.signal import butter, lfilter, hilbert\n",
    "from math import log, pi, e\n",
    "\n",
    "\n",
    "class ConnectiveFExtractor:\n",
    "    def __init__(self, sampling_rate=128, window_size_sec=1, mode=\"pcc\"):\n",
    "        self.fs = sampling_rate\n",
    "        self.window_size = window_size_sec * self.fs\n",
    "        self.mode = mode.lower()\n",
    "        \n",
    "        # Definición de las bandas cerebrales\n",
    "        self.bands = {\n",
    "            'theta': (4, 8),\n",
    "            'alpha': (8, 12),\n",
    "            'beta': (12, 30),\n",
    "            'gamma': (30, 50)\n",
    "        }\n",
    "\n",
    "        # Pares de canales simétricos (izquierdo, derecho) para la conectividad\n",
    "        self.paired_channels = [\n",
    "            (i, j) for i in range(32) for j in range(i+1, 32) \n",
    "        ]\n",
    "\n",
    "    def bandpass_filter(self, signal, low, high, order=4):\n",
    "        \"\"\"Filtra la señal en un rango de frecuencias utilizando un filtro pasa-banda.\"\"\"\n",
    "        nyq = 0.5 * self.fs\n",
    "        b, a = butter(order, [low / nyq, high / nyq], btype='band')\n",
    "        return lfilter(b, a, signal)\n",
    "\n",
    "    def phase_locking_value(self, signal1, signal2):\n",
    "        \"\"\"Calcula el Phase Locking Value (PLV) entre dos señales EEG.\"\"\"\n",
    "        analytic_signal_1 = hilbert(signal1)\n",
    "        analytic_signal_2 = hilbert(signal2)\n",
    "        phase_diff = np.angle(analytic_signal_1) - np.angle(analytic_signal_2)\n",
    "        return np.abs(np.mean(np.exp(1j * phase_diff)))\n",
    "\n",
    "    def pearson_correlation(self, signal1, signal2):\n",
    "        \"\"\"Calcula la correlación de Pearson entre dos señales EEG.\"\"\"\n",
    "        return np.corrcoef(signal1, signal2)[0, 1]\n",
    "\n",
    "    def phase_lag_index(self, signal1, signal2):\n",
    "        \"\"\"Calcula el Phase Lag Index (PLI) entre dos señales EEG.\"\"\"\n",
    "        analytic_signal_1 = hilbert(signal1)\n",
    "        analytic_signal_2 = hilbert(signal2)\n",
    "        phase_diff = np.angle(analytic_signal_1) - np.angle(analytic_signal_2)\n",
    "        return np.abs(np.mean(np.sign(np.sin(phase_diff))))\n",
    "\n",
    "    def extract_pcc_features(self, signal_3d):\n",
    "        \"\"\"\n",
    "        Extrae las características de conectividad para PCC: (num_windows, 4, 32, 32)\n",
    "        \"\"\"\n",
    "        channels, total_samples = signal_3d.shape\n",
    "        num_windows = total_samples // self.window_size\n",
    "\n",
    "        all_features = []\n",
    "\n",
    "        for w in range(num_windows):\n",
    "            start = w * self.window_size\n",
    "            end = start + self.window_size\n",
    "            window_data = signal_3d[:, start:end]  \n",
    "\n",
    "            pcc_matrix = np.zeros((32, 32))\n",
    "\n",
    "            for band_name, (low, high) in self.bands.items():\n",
    "                filtered_signals = []\n",
    "\n",
    "                for i in range(32):\n",
    "                    filtered_signal = self.bandpass_filter(window_data[i], low, high)\n",
    "                    filtered_signals.append(filtered_signal)\n",
    "\n",
    "                for i, j in self.paired_channels:\n",
    "                    left_signal = filtered_signals[i]\n",
    "                    right_signal = filtered_signals[j]\n",
    "\n",
    "                    pcc_matrix[i, j] = self.pearson_correlation(left_signal, right_signal)\n",
    "\n",
    "                    pcc_matrix[j, i] = pcc_matrix[i, j]\n",
    "\n",
    "                pcc_matrix = (pcc_matrix + 1) / 2\n",
    "\n",
    "                all_features.append(pcc_matrix)\n",
    "        all_features_array = np.array(all_features)  \n",
    "        return all_features_array.reshape(63, 4, 32, 32)  \n",
    "\n",
    "    def extract_plv_features(self, signal_3d):\n",
    "        \"\"\"\n",
    "        Extrae las características de conectividad para PLV: (num_windows, 4, 32, 32)\n",
    "        \"\"\"\n",
    "        channels, total_samples = signal_3d.shape\n",
    "        num_windows = total_samples // self.window_size\n",
    "\n",
    "        all_features = []\n",
    "\n",
    "        for w in range(num_windows):\n",
    "            start = w * self.window_size\n",
    "            end = start + self.window_size\n",
    "            window_data = signal_3d[:, start:end]  \n",
    "\n",
    "            plv_matrix = np.zeros((32, 32))\n",
    "\n",
    "            for band_name, (low, high) in self.bands.items():\n",
    "                filtered_signals = []\n",
    "\n",
    "                for i in range(32):\n",
    "                    filtered_signal = self.bandpass_filter(window_data[i], low, high)\n",
    "                    filtered_signals.append(filtered_signal)\n",
    "                for i, j in self.paired_channels:\n",
    "                    left_signal = filtered_signals[i]\n",
    "                    right_signal = filtered_signals[j]\n",
    "\n",
    "                    plv_matrix[i, j] = self.phase_locking_value(left_signal, right_signal)\n",
    "\n",
    "                    plv_matrix[j, i] = plv_matrix[i, j]\n",
    "\n",
    "                plv_matrix = (plv_matrix + 1) / 2\n",
    "\n",
    "                all_features.append(plv_matrix)\n",
    "\n",
    "        \n",
    "        all_features_array = np.array(all_features)  \n",
    "        return all_features_array.reshape(63, 4, 32, 32) \n",
    "\n",
    "    def extract_pli_features(self, signal_3d):\n",
    "        \"\"\"\n",
    "        Extrae las características de conectividad para PLI: (num_windows, 4, 32, 32)\n",
    "        \"\"\"\n",
    "        channels, total_samples = signal_3d.shape\n",
    "        num_windows = total_samples // self.window_size\n",
    "\n",
    "        all_features = []\n",
    "\n",
    "        for w in range(num_windows):\n",
    "            start = w * self.window_size\n",
    "            end = start + self.window_size\n",
    "            window_data = signal_3d[:, start:end]  \n",
    "\n",
    "            pli_matrix = np.zeros((32, 32))\n",
    "\n",
    "            for band_name, (low, high) in self.bands.items():\n",
    "                filtered_signals = []\n",
    "\n",
    "            \n",
    "                for i in range(32):\n",
    "                    filtered_signal = self.bandpass_filter(window_data[i], low, high)\n",
    "                    filtered_signals.append(filtered_signal)\n",
    "\n",
    "            \n",
    "                for i, j in self.paired_channels:\n",
    "                    left_signal = filtered_signals[i]\n",
    "                    right_signal = filtered_signals[j]\n",
    "\n",
    "                    pli_matrix[i, j] = self.phase_lag_index(left_signal, right_signal)\n",
    "\n",
    "                    pli_matrix[j, i] = pli_matrix[i, j]\n",
    "\n",
    "          \n",
    "                pli_matrix = (pli_matrix + 1) / 2\n",
    "\n",
    "                all_features.append(pli_matrix)\n",
    "\n",
    "      \n",
    "        all_features_array = np.array(all_features)  \n",
    "        return all_features_array.reshape(63, 4, 32, 32)\n",
    "\n",
    "    def extract_features(self, signal_3d):\n",
    "        # Extrae todas las matrices a la vez\n",
    "        pcc = self.extract_pcc_features(signal_3d)\n",
    "        plv = self.extract_plv_features(signal_3d)\n",
    "        pli = self.extract_pli_features(signal_3d)\n",
    "        return pcc, plv, pli"
   ]
  },
  {
   "cell_type": "markdown",
   "metadata": {},
   "source": [
    "## 1.3. IntesityDifferenceFExtractor"
   ]
  },
  {
   "cell_type": "code",
   "execution_count": 6,
   "metadata": {},
   "outputs": [],
   "source": [
    "import numpy as np\n",
    "from scipy.signal import butter, lfilter\n",
    "from math import log, pi, e\n",
    "\n",
    "class IntensityDifferenceFExtractor:\n",
    "    def __init__(self, sampling_rate=128, window_size_sec=1):\n",
    "        self.fs = sampling_rate\n",
    "        self.window_size = window_size_sec * sampling_rate\n",
    "\n",
    "        # Bandas cerebrales\n",
    "        self.bands = {\n",
    "            'theta': (4, 8),\n",
    "            'alpha': (8, 12),\n",
    "            'beta': (12, 30),\n",
    "            'gamma': (30, 50)\n",
    "        }\n",
    "\n",
    "        # Pares de canales simétricos (izquierdo, derecho)\n",
    "        self.paired_channels = [\n",
    "            (0, 16),   # Fp1 - Fp2\n",
    "            (1, 17),   # AF3 - AF4\n",
    "            (2, 19),   # F3 - F4\n",
    "            (3, 20),   # F7 - F8\n",
    "            (4, 21),   # FC5 - FC6\n",
    "            (5, 22),   # FC1 - FC2\n",
    "            (6, 24),   # C3 - C4\n",
    "            (7, 25),   # T7 - T8\n",
    "            (8, 26),   # CP5 - CP6\n",
    "            (9, 27),   # CP1 - CP2\n",
    "            (10, 28),  # P3 - P4\n",
    "            (11, 29),  # P7 - P8\n",
    "            (12, 30),  # PO3 - PO4\n",
    "            (13, 31),  # O1 - O2\n",
    "        ]\n",
    "\n",
    "    def bandpass_filter(self, signal, low, high, order=4):\n",
    "        nyq = 0.5 * self.fs\n",
    "        b, a = butter(order, [low / nyq, high / nyq], btype='band')\n",
    "        return lfilter(b, a, signal)\n",
    "\n",
    "    def extract_features(self, signal_3d):\n",
    "        \"\"\"\n",
    "        signal_3d: (32, 8064)  → EEG de una muestra\n",
    "        Return: (num_windows, 4, 14, 14) → correlación de diferencias por banda\n",
    "        \"\"\"\n",
    "        channels, total_samples = signal_3d.shape\n",
    "        num_windows = total_samples // self.window_size\n",
    "\n",
    "        all_features = []\n",
    "\n",
    "        for w in range(num_windows):\n",
    "            start = w * self.window_size\n",
    "            end = start + self.window_size\n",
    "            window_data = signal_3d[:, start:end]\n",
    "\n",
    "            band_corrs = []\n",
    "\n",
    "            for band_name, (low, high) in self.bands.items():\n",
    "                diffs = []\n",
    "\n",
    "                for left, right in self.paired_channels:\n",
    "                    left_filtered = self.bandpass_filter(window_data[left], low, high)\n",
    "                    right_filtered = self.bandpass_filter(window_data[right], low, high)\n",
    "\n",
    "                    diff_signal = left_filtered - right_filtered\n",
    "                    diffs.append(diff_signal)\n",
    "\n",
    "                diffs_matrix = np.stack(diffs) \n",
    "                corr_matrix = np.corrcoef(diffs_matrix)  \n",
    "                corr_matrix = (corr_matrix + 1) / 2    \n",
    "\n",
    "                band_corrs.append(corr_matrix)\n",
    "\n",
    "            # apilar 4 bandas (4, 14, 14)\n",
    "            all_features.append(np.stack(band_corrs))\n",
    "\n",
    "        return np.array(all_features)  # (num_windows, 4, 14, 14)\n"
   ]
  },
  {
   "cell_type": "markdown",
   "metadata": {},
   "source": [
    "# N. Main"
   ]
  },
  {
   "cell_type": "code",
   "execution_count": 9,
   "metadata": {},
   "outputs": [
    {
     "name": "stdout",
     "output_type": "stream",
     "text": [
      "(32, 8064)\n",
      "Shape: (63, 4, 9, 9)\n",
      "[[0.         0.         0.         1.51340617 0.         1.74132303\n",
      "  0.         0.         0.        ]\n",
      " [0.         0.         0.         1.78640185 0.         1.48885533\n",
      "  0.         0.         0.        ]\n",
      " [1.9574312  0.         2.007377   0.         1.75232527 0.\n",
      "  2.11976898 0.         1.39411543]\n",
      " [0.         1.52375448 0.         1.24102146 0.         1.71527093\n",
      "  0.         1.03676285 0.        ]\n",
      " [1.75245835 0.         1.86812605 0.         1.66335345 0.\n",
      "  1.39536882 0.         1.69289967]\n",
      " [0.         1.61410412 0.         1.2750583  0.         1.48725367\n",
      "  0.         1.77284199 0.        ]\n",
      " [1.80639345 0.         1.79867897 0.         1.33371762 0.\n",
      "  2.26326665 0.         2.31115073]\n",
      " [0.         0.         0.         1.32517214 0.         2.41096827\n",
      "  0.         0.         0.        ]\n",
      " [0.         0.         0.         1.72037233 1.84274597 2.24762634\n",
      "  0.         0.         0.        ]]\n",
      "[[0.         0.         0.         2.15085133 0.         2.09627796\n",
      "  0.         0.         0.        ]\n",
      " [0.         0.         0.         2.155155   0.         2.02181653\n",
      "  0.         0.         0.        ]\n",
      " [1.96326251 0.         2.23629825 0.         2.03102356 0.\n",
      "  2.04485572 0.         2.19671533]\n",
      " [0.         1.97280034 0.         1.83427746 0.         1.88166803\n",
      "  0.         1.91929856 0.        ]\n",
      " [1.70293706 0.         2.11476211 0.         1.30665591 0.\n",
      "  1.79480746 0.         1.98740847]\n",
      " [0.         2.3439144  0.         1.94157323 0.         1.68409371\n",
      "  0.         1.90457584 0.        ]\n",
      " [2.18865227 0.         2.35352168 0.         1.61430158 0.\n",
      "  1.52890706 0.         1.89106867]\n",
      " [0.         0.         0.         2.50998614 0.         1.98357305\n",
      "  0.         0.         0.        ]\n",
      " [0.         0.         0.         2.74945349 2.58957068 2.26094254\n",
      "  0.         0.         0.        ]]\n",
      "[[0.         0.         0.         2.36869086 0.         2.50188114\n",
      "  0.         0.         0.        ]\n",
      " [0.         0.         0.         2.48163031 0.         2.53834674\n",
      "  0.         0.         0.        ]\n",
      " [2.30684643 0.         2.58772389 0.         2.57053223 0.\n",
      "  2.54525764 0.         2.54358547]\n",
      " [0.         2.12338482 0.         2.39447741 0.         2.45218477\n",
      "  0.         2.3491369  0.        ]\n",
      " [2.34204304 0.         2.48704542 0.         2.20611019 0.\n",
      "  2.34594559 0.         2.46668521]\n",
      " [0.         2.456173   0.         2.35579353 0.         1.97707845\n",
      "  0.         2.35098737 0.        ]\n",
      " [2.44044619 0.         2.56460664 0.         2.11602475 0.\n",
      "  2.3935503  0.         2.29448388]\n",
      " [0.         0.         0.         2.48856104 0.         2.34803054\n",
      "  0.         0.         0.        ]\n",
      " [0.         0.         0.         2.4084954  2.36518807 2.42201566\n",
      "  0.         0.         0.        ]]\n",
      "[[0.         0.         0.         1.25609479 0.         1.13001341\n",
      "  0.         0.         0.        ]\n",
      " [0.         0.         0.         1.26552397 0.         1.53330054\n",
      "  0.         0.         0.        ]\n",
      " [1.12529599 0.         1.43205967 0.         1.33158129 0.\n",
      "  1.25880714 0.         1.18932578]\n",
      " [0.         1.10612753 0.         1.42521388 0.         1.30867551\n",
      "  0.         1.22622109 0.        ]\n",
      " [1.74738326 0.         1.18836711 0.         0.97202794 0.\n",
      "  1.16589324 0.         1.59535786]\n",
      " [0.         1.38140174 0.         0.97974093 0.         0.57075835\n",
      "  0.         1.21738369 0.        ]\n",
      " [1.64634971 0.         1.42319529 0.         0.78230635 0.\n",
      "  1.39061362 0.         1.46568838]\n",
      " [0.         0.         0.         1.45882647 0.         1.13969743\n",
      "  0.         0.         0.        ]\n",
      " [0.         0.         0.         1.64037225 1.19176922 1.08086447\n",
      "  0.         0.         0.        ]]\n"
     ]
    }
   ],
   "source": [
    "extractor = SpatialTemporalFExtractor()\n",
    "\n",
    "# Ejemplo con una muestra (solo EEG)\n",
    "sample_idx = 0\n",
    "eeg_data = all_data[sample_idx, :, :]  # (32, 8064)\n",
    "\n",
    "print(eeg_data.shape)\n",
    "\n",
    "features = extractor.extract_features(eeg_data)\n",
    "\n",
    "print(\"Shape:\", features.shape)  # (num_windows, 4, 9, 9)\n",
    "\n",
    "# show DE in first window\n",
    "\n",
    "# banda theta\n",
    "print(features[0][0])\n",
    "\n",
    "# banda alpha\n",
    "print(features[0][1])\n",
    "\n",
    "# banda betha\n",
    "print(features[0][2])\n",
    "\n",
    "# banda gamma\n",
    "print(features[0][3])"
   ]
  },
  {
   "cell_type": "code",
   "execution_count": 10,
   "metadata": {},
   "outputs": [
    {
     "name": "stdout",
     "output_type": "stream",
     "text": [
      "(32, 8064)\n"
     ]
    },
    {
     "name": "stdout",
     "output_type": "stream",
     "text": [
      "Shape: (63, 4, 14, 14)\n",
      "(14, 14)\n",
      "(14, 14)\n",
      "(14, 14)\n",
      "(14, 14)\n",
      "[[1.         0.53974052 0.69650649 0.69100437 0.72656924 0.80917866\n",
      "  0.43602078 0.37708162 0.43415412 0.44100911 0.45575801 0.5787175\n",
      "  0.32836195 0.41294431]\n",
      " [0.53974052 1.         0.71782178 0.79487765 0.65903764 0.34934772\n",
      "  0.87437901 0.82664365 0.69314371 0.5658603  0.65748663 0.50007457\n",
      "  0.78340562 0.73901959]\n",
      " [0.69650649 0.71782178 1.         0.81797664 0.86837801 0.70639784\n",
      "  0.75794229 0.71484652 0.68901612 0.58314572 0.64605916 0.64074801\n",
      "  0.57255465 0.59934008]\n",
      " [0.69100437 0.79487765 0.81797664 1.         0.81747881 0.5187412\n",
      "  0.77612854 0.68154705 0.73878888 0.62081371 0.68199789 0.66646171\n",
      "  0.62004959 0.65589218]\n",
      " [0.72656924 0.65903764 0.86837801 0.81747881 1.         0.72193048\n",
      "  0.72085835 0.66018264 0.72243089 0.64788169 0.73752117 0.68720193\n",
      "  0.53866561 0.60681688]\n",
      " [0.80917866 0.34934772 0.70639784 0.5187412  0.72193048 1.\n",
      "  0.3988134  0.35180157 0.44329125 0.52803047 0.48381466 0.58923133\n",
      "  0.32361014 0.36924503]\n",
      " [0.43602078 0.87437901 0.75794229 0.77612854 0.72085835 0.3988134\n",
      "  1.         0.8062395  0.87413887 0.76563249 0.85409951 0.66199712\n",
      "  0.88546249 0.83474993]\n",
      " [0.37708162 0.82664365 0.71484652 0.68154705 0.66018264 0.35180157\n",
      "  0.8062395  1.         0.7299846  0.60790815 0.67513347 0.5533563\n",
      "  0.74366925 0.74439502]\n",
      " [0.43415412 0.69314371 0.68901612 0.73878888 0.72243089 0.44329125\n",
      "  0.87413887 0.7299846  1.         0.81441194 0.91661418 0.83103594\n",
      "  0.82973985 0.81698982]\n",
      " [0.44100911 0.5658603  0.58314572 0.62081371 0.64788169 0.52803047\n",
      "  0.76563249 0.60790815 0.81441194 1.         0.81419486 0.76836151\n",
      "  0.79245883 0.77193669]\n",
      " [0.45575801 0.65748663 0.64605916 0.68199789 0.73752117 0.48381466\n",
      "  0.85409951 0.67513347 0.91661418 0.81419486 1.         0.81044952\n",
      "  0.84435196 0.84653408]\n",
      " [0.5787175  0.50007457 0.64074801 0.66646171 0.68720193 0.58923133\n",
      "  0.66199712 0.5533563  0.83103594 0.76836151 0.81044952 1.\n",
      "  0.65719781 0.73150701]\n",
      " [0.32836195 0.78340562 0.57255465 0.62004959 0.53866561 0.32361014\n",
      "  0.88546249 0.74366925 0.82973985 0.79245883 0.84435196 0.65719781\n",
      "  1.         0.89636534]\n",
      " [0.41294431 0.73901959 0.59934008 0.65589218 0.60681688 0.36924503\n",
      "  0.83474993 0.74439502 0.81698982 0.77193669 0.84653408 0.73150701\n",
      "  0.89636534 1.        ]]\n"
     ]
    }
   ],
   "source": [
    "extractor = IntensityDifferenceFExtractor()\n",
    "\n",
    "# Ejemplo con una muestra (solo EEG)\n",
    "sample_idx = 0\n",
    "eeg_data = all_data[sample_idx, :, :]  # (32, 8064)\n",
    "\n",
    "print(eeg_data.shape)\n",
    "\n",
    "features = extractor.extract_features(eeg_data)\n",
    "\n",
    "print(\"Shape:\", features.shape)  # (num_windows, 4, 14, 14)\n",
    "\n",
    "# show DE in first window\n",
    "\n",
    "# banda theta\n",
    "print(features[0][0].shape)\n",
    "\n",
    "# banda alpha\n",
    "print(features[0][1].shape)\n",
    "\n",
    "# banda betha\n",
    "print(features[0][2].shape)\n",
    "\n",
    "# banda gamma\n",
    "print(features[0][3].shape)\n",
    "print(features[0][3])"
   ]
  },
  {
   "cell_type": "code",
   "execution_count": 11,
   "metadata": {},
   "outputs": [
    {
     "name": "stdout",
     "output_type": "stream",
     "text": [
      "Shape de los datos EEG: (32, 8064)\n",
      "Shape de PCC: (63, 4, 32, 32)\n",
      "Shape de PLV: (63, 4, 32, 32)\n",
      "Shape de PLI: (63, 4, 32, 32)\n",
      "PCC para banda theta - ventana 0:\n",
      "[[ 0.5         0.94663652  0.7868775  ... -0.21451576 -0.75301968\n",
      "  -0.71276776]\n",
      " [ 0.94663652  0.5         0.91900143 ... -0.19692301 -0.69584564\n",
      "  -0.66234756]\n",
      " [ 0.7868775   0.91900143  0.5        ... -0.39335769 -0.6715619\n",
      "  -0.57374782]\n",
      " ...\n",
      " [-0.21451576 -0.19692301 -0.39335769 ...  0.5         0.36169838\n",
      "   0.11988476]\n",
      " [-0.75301968 -0.69584564 -0.6715619  ...  0.36169838  0.5\n",
      "   0.91101035]\n",
      " [-0.71276776 -0.66234756 -0.57374782 ...  0.11988476  0.91101035\n",
      "   0.5       ]]\n",
      "PLV para banda theta - ventana 0:\n",
      "[[0.5        0.82302664 0.64459835 ... 0.15504596 0.30872853 0.43755348]\n",
      " [0.82302664 0.5        0.88320585 ... 0.18636343 0.41909122 0.51221649]\n",
      " [0.64459835 0.88320585 0.5        ... 0.27345296 0.45641119 0.49509549]\n",
      " ...\n",
      " [0.15504596 0.18636343 0.27345296 ... 0.5        0.34496744 0.1818723 ]\n",
      " [0.30872853 0.41909122 0.45641119 ... 0.34496744 0.5        0.91194893]\n",
      " [0.43755348 0.51221649 0.49509549 ... 0.1818723  0.91194893 0.5       ]]\n",
      "PLI para banda theta - ventana 0:\n",
      "[[0.5      0.421875 0.46875  ... 0.4375   0.046875 0.359375]\n",
      " [0.421875 0.5      0.515625 ... 0.015625 0.09375  0.421875]\n",
      " [0.46875  0.515625 0.5      ... 0.25     0.296875 0.484375]\n",
      " ...\n",
      " [0.4375   0.015625 0.25     ... 0.5      0.375    0.1875  ]\n",
      " [0.046875 0.09375  0.296875 ... 0.375    0.5      0.40625 ]\n",
      " [0.359375 0.421875 0.484375 ... 0.1875   0.40625  0.5     ]]\n",
      "PCC para banda alpha - ventana 0:\n",
      "[[ 0.75        0.90724221  0.74917596 ... -0.47564846 -0.54220065\n",
      "  -0.42576545]\n",
      " [ 0.90724221  0.75        0.92796169 ... -0.57562842 -0.6580951\n",
      "  -0.52714484]\n",
      " [ 0.74917596  0.92796169  0.75       ... -0.67763521 -0.72604887\n",
      "  -0.62818013]\n",
      " ...\n",
      " [-0.47564846 -0.57562842 -0.67763521 ...  0.75        0.7142196\n",
      "   0.59466099]\n",
      " [-0.54220065 -0.6580951  -0.72604887 ...  0.7142196   0.75\n",
      "   0.90100156]\n",
      " [-0.42576545 -0.52714484 -0.62818013 ...  0.59466099  0.90100156\n",
      "   0.75      ]]\n",
      "PLV para banda alpha - ventana 0:\n",
      "[[0.75       0.86909921 0.67720057 ... 0.48091732 0.3497118  0.23007496]\n",
      " [0.86909921 0.75       0.84522339 ... 0.53993534 0.41586443 0.26620412]\n",
      " [0.67720057 0.84522339 0.75       ... 0.62645438 0.5202516  0.42628877]\n",
      " ...\n",
      " [0.48091732 0.53993534 0.62645438 ... 0.75       0.57771211 0.42641121]\n",
      " [0.3497118  0.41586443 0.5202516  ... 0.57771211 0.75       0.84360715]\n",
      " [0.23007496 0.26620412 0.42628877 ... 0.42641121 0.84360715 0.75      ]]\n",
      "PLI para banda alpha - ventana 0:\n",
      "[[0.75     0.09375  0.21875  ... 0.421875 0.0625   0.09375 ]\n",
      " [0.09375  0.75     0.4375   ... 0.421875 0.046875 0.015625]\n",
      " [0.21875  0.4375   0.75     ... 0.28125  0.       0.234375]\n",
      " ...\n",
      " [0.421875 0.421875 0.28125  ... 0.75     0.3125   0.078125]\n",
      " [0.0625   0.046875 0.       ... 0.3125   0.75     0.296875]\n",
      " [0.09375  0.015625 0.234375 ... 0.078125 0.296875 0.75    ]]\n",
      "PCC para banda beta - ventana 0:\n",
      "[[ 0.875       0.78466068  0.59561519 ... -0.27224089 -0.36658801\n",
      "  -0.53131069]\n",
      " [ 0.78466068  0.875       0.84446729 ... -0.22418027 -0.65080464\n",
      "  -0.55529503]\n",
      " [ 0.59561519  0.84446729  0.875      ... -0.244994   -0.626494\n",
      "  -0.3834799 ]\n",
      " ...\n",
      " [-0.27224089 -0.22418027 -0.244994   ...  0.875       0.15682997\n",
      "   0.20432611]\n",
      " [-0.36658801 -0.65080464 -0.626494   ...  0.15682997  0.875\n",
      "   0.60643764]\n",
      " [-0.53131069 -0.55529503 -0.3834799  ...  0.20432611  0.60643764\n",
      "   0.875     ]]\n",
      "PLV para banda beta - ventana 0:\n",
      "[[0.875      0.71858697 0.54073146 ... 0.22203483 0.35153981 0.37994045]\n",
      " [0.71858697 0.875      0.8104848  ... 0.1013646  0.53623288 0.3532242 ]\n",
      " [0.54073146 0.8104848  0.875      ... 0.22160442 0.54524192 0.34933796]\n",
      " ...\n",
      " [0.22203483 0.1013646  0.22160442 ... 0.875      0.30635598 0.18659477]\n",
      " [0.35153981 0.53623288 0.54524192 ... 0.30635598 0.875      0.56606288]\n",
      " [0.37994045 0.3532242  0.34933796 ... 0.18659477 0.56606288 0.875     ]]\n",
      "PLI para banda beta - ventana 0:\n",
      "[[0.875    0.015625 0.046875 ... 0.109375 0.15625  0.046875]\n",
      " [0.015625 0.875    0.       ... 0.015625 0.25     0.09375 ]\n",
      " [0.046875 0.       0.875    ... 0.109375 0.171875 0.03125 ]\n",
      " ...\n",
      " [0.109375 0.015625 0.109375 ... 0.875    0.125    0.046875]\n",
      " [0.15625  0.25     0.171875 ... 0.125    0.875    0.09375 ]\n",
      " [0.046875 0.09375  0.03125  ... 0.046875 0.09375  0.875   ]]\n",
      "PCC para banda gamma - ventana 0:\n",
      "[[0.9375     0.89233034 0.7978076  ... 0.36387956 0.31670599 0.23434466]\n",
      " [0.89233034 0.9375     0.92223365 ... 0.38790986 0.17459768 0.22235249]\n",
      " [0.7978076  0.92223365 0.9375     ... 0.377503   0.186753   0.30826005]\n",
      " ...\n",
      " [0.36387956 0.38790986 0.377503   ... 0.9375     0.57841498 0.60216305]\n",
      " [0.31670599 0.17459768 0.186753   ... 0.57841498 0.9375     0.80321882]\n",
      " [0.23434466 0.22235249 0.30826005 ... 0.60216305 0.80321882 0.9375    ]]\n",
      "PLV para banda gamma - ventana 0:\n",
      "[[0.9375     0.85929348 0.77036573 ... 0.61101742 0.6757699  0.68997022]\n",
